# Tim Vigers 4/4/19

# C&B 8.10
alpha <- 5/2
beta <- 2
n <- 15
sumxi <- 10

# Problem 4 (Bernoulli)
