ATL <- c("#E03A3E","#C1D32F","#26282A")
BOS <- c("#007A33","#BA9653","#963821","#E59E6D","#000000")
NJN <- c("#000000","#FFFFFF")
CHA <- c("#1D1160","#00788C","#A1A1A4")
CHI <- c("#CE1141","#000000")
CLE <- c("#6F263D","#041E42","#FFB81C","#000000")
DAL <- c("#00538C","#002B5E","#B8C4CA","#000000")
DEN <- c("#0E2240","#FEC524","#8B2131","#1D428A")
DET <- c("#C8102E","#1D42BA","#BEC0C2","#002D62")
GSW <- c("#1D428A","#FFC72C")
HOU <- c("#CE1141","#000000","#C4CED4")
IND <- c("#002D62","#FDBB30","#BEC0C2")
LAC <- c("#C8102E","#1D428A","#BEC0C2","#000000")
LAL <- c("#552583","#FDB927","#000000")
MEM <- c("#5D76A9","#12173F","#F5B112","#707271")
MIA <- c("#98002E","#F9A01B","#000000")
MIL <- c("#00471B","#EEE1C6","#0077C0","#000000")
MIN <- c("#0C2340","#236192","#9EA2A2","#78BE20","#221C35","#981D97")
NOH <- c("#0C2340","#C8102E","#85714D")
NYK <- c("#006BB6","#F58426","#BEC0C2","#000000")
OKC <- c("#007AC1","#EF3B24","#002D62","#FDBB30")
ORL <- c("#0077C0","#C4CED4","#000000")
PHI <- c("#006BB6","#ED174C","#002B5C","#C4CED4")
PHO <- c("#1D1160","#E56020","#000000","#63727A","#F9AD1B","#B95915","#BEC0C2")
POR <- c("#E03A3E","#000000")
SAC <- c("#5A2D81","#63727A","#000000")
SAS <- c("#C4CED4","#000000")
TOR <- c("#CE1141","#000000","#A1A1A4","#B4975A")
UTA <- c("#002B5C","#00471B","#F9A01B")
WAS <- c("#002B5C","#E31837","#C4CED4")